-0.000288
-0.001303
-0.002641
-0.002929
-0.003370
-0.003431
-0.003448
-0.004378
-0.004934
-0.004943
-0.004996
-0.006590
-0.006700
-0.007075
-0.007154
-0.007200
-0.007719
-0.009230
-0.009842
-0.011082
-0.011296
-0.011772
-0.012920
-0.013056
-0.013168
-0.014723
-0.015321
-0.015486
-0.015608
-0.016560
-0.017061
-0.018085
-0.018103
-0.020817
-0.021823
-0.022420
-0.022806
-0.025008
-0.025355
-0.025473
-0.025494
-0.025813
-0.025930
-0.026897
-0.027913
-0.030259
-0.031663
-0.032009
-0.033029
-0.033398
-0.033847
-0.034407
-0.035277
-0.036824
-0.037183
-0.037442
-0.038156
-0.038908
-0.039362
-0.039826
-0.040496
-0.041661
-0.042729
-0.042732
-0.043489
-0.043719
-0.044348
-0.045070
-0.046041
-0.046151
-0.046419
-0.046484
-0.046917
-0.047693
-0.047945
-0.048071
-0.048307
-0.050927
-0.051280
-0.052036
-0.052419
-0.052616
-0.052973
-0.054315
-0.055521
-0.056059
-0.056148
-0.056468
-0.056514
-0.058485
-0.062371
-0.062518
-0.063056
-0.064214
-0.064352
-0.064997
-0.066672
-0.067913
-0.068719
-0.070389
-0.071305
-0.072111
-0.072738
-0.073032
-0.073573
-0.074951
-0.076432
-0.077219
-0.077627
-0.077640
-0.077964
-0.078622
-0.079240
-0.080527
-0.082310
-0.082327
-0.083666
-0.084019
-0.085030
-0.086171
-0.088081
-0.089504
-0.090767
-0.091058
-0.091521
-0.092976
-0.096115
-0.096133
-0.096306
-0.096699
-0.098322
-0.098410
-0.098905
-0.099077
-0.099867
-0.102389
-0.103009
-0.104611
-0.105550
-0.105709
-0.106176
-0.107059
-0.107243
-0.107634
-0.107907
-0.108596
-0.111165
-0.111452
-0.111571
-0.113731
-0.114766
-0.116133
-0.117127
-0.118850
-0.119167
-0.119407
-0.121305
-0.122932
-0.124723
-0.126388
-0.126555
-0.127313
-0.127872
-0.128058
-0.128375
-0.128486
-0.129857
-0.131704
-0.132277
-0.133432
-0.135012
-0.136490
-0.136571
-0.137955
-0.138492
-0.138691
-0.138819
-0.139704
-0.141479
-0.141999
-0.142585
-0.144093
-0.144651
-0.144879
-0.145080
-0.145691
-0.147380
-0.147408
-0.147839
-0.148998
-0.149409
-0.150427
-0.151211
-0.153356
-0.156600
-0.157134
-0.158355
-0.158406
-0.158937
-0.159821
-0.160633
-0.163703
-0.163908
-0.164288
-0.164359
-0.164660
-0.164701
-0.165148
-0.167498
-0.169776
-0.170362
-0.171164
-0.171388
-0.174200
-0.175180
-0.175959
-0.176693
-0.177430
-0.177889
-0.178231
-0.178771
-0.180479
-0.180493
-0.180628
-0.183292
-0.183871
-0.184278
-0.184319
-0.184471
-0.184624
-0.185712
-0.185747
-0.188629
-0.188684
-0.189189
-0.189558
-0.189662
-0.190550
-0.192410
-0.192920
-0.193881
-0.194767
-0.194857
-0.195929
-0.197298
-0.197503
-0.198201
-0.199003
-0.199492
-0.200533
-0.201703
-0.201824
-0.202102
-0.202975
-0.203010
-0.203148
-0.203425
-0.203469
-0.203676
-0.203704
-0.203720
-0.205249
-0.206606
-0.207139
-0.207172
-0.207729
-0.207842
-0.209899
-0.211435
-0.211526
-0.211859
-0.212273
-0.213537
-0.214427
-0.215086
-0.215181
-0.215217
-0.216194
-0.218322
-0.218395
-0.219369
-0.220478
-0.220605
-0.220984
-0.221195
-0.221537
-0.221667
-0.222193
-0.224880
-0.225503
-0.226702
-0.226857
-0.227208
-0.229543
-0.230579
-0.230581
-0.231997
-0.233801
-0.233854
-0.234256
-0.234366
-0.234920
-0.237693
-0.237863
-0.239270
-0.239690
-0.239992
-0.240818
-0.241265
-0.241797
-0.243675
-0.245074
-0.245934
-0.247473
-0.248818
-0.249202
-0.249213
-0.252612
-0.254586
-0.255065
-0.255478
-0.256203
-0.256382
-0.257435
-0.257753
-0.258801
-0.259089
-0.259302
-0.262229
-0.263084
-0.264837
-0.265374
-0.265760
-0.269012
-0.269056
-0.269812
-0.272402
-0.274839
-0.275181
-0.275810
-0.275834
-0.276179
-0.277175
-0.280917
-0.280940
-0.282178
-0.282846
-0.283349
-0.284591
-0.284663
-0.284889
-0.284965
-0.286899
-0.287488
-0.287711
-0.288124
-0.288691
-0.288714
-0.289160
-0.291041
-0.291063
-0.291318
-0.291359
-0.291885
-0.292880
-0.293451
-0.293568
-0.295082
-0.296614
-0.296734
-0.297396
-0.297527
-0.297694
-0.297872
-0.299240
-0.299850
-0.303364
-0.305773
-0.306462
-0.306996
-0.307971
-0.308680
-0.309434
-0.309738
-0.310988
-0.311705
-0.312111
-0.312165
-0.312196
-0.312977
-0.313832
-0.314939
-0.317236
-0.320306
-0.320393
-0.320469
-0.321717
-0.322184
-0.322888
-0.323292
-0.324233
-0.324841
-0.326276
-0.328458
-0.328487
-0.329902
-0.330101
-0.330332
-0.331004
-0.331900
-0.332654
-0.333571
-0.333798
-0.334167
-0.336055
-0.336696
-0.337267
-0.337591
-0.337822
-0.338527
-0.339038
-0.339550
-0.340760
-0.344033
-0.344253
-0.345519
-0.345800
-0.347153
-0.348748
-0.348777
-0.349212
-0.351121
-0.351494
-0.352718
-0.352720
-0.353041
-0.354351
-0.355295
-0.356271
-0.357205
-0.358279
-0.358529
-0.360303
-0.360437
-0.361104
-0.361623
-0.362309
-0.363661
-0.364492
-0.365173
-0.367414
-0.367719
-0.368021
-0.368488
-0.368493
-0.368679
-0.369257
-0.370752
-0.370892
-0.371138
-0.372031
-0.375119
-0.375655
-0.379287
-0.379943
-0.380223
-0.381213
-0.381903
-0.381993
-0.382309
-0.382927
-0.384248
-0.384907
-0.390089
-0.390390
-0.392583
-0.393153
-0.393574
-0.395860
-0.396433
-0.396585
-0.397511
-0.398466
-0.399673
-0.399863
-0.401008
-0.401558
-0.401626
-0.404529
-0.404793
-0.405324
-0.405462
-0.405568
-0.405914
-0.406046
-0.406304
-0.407387
-0.407703
-0.408609
-0.409348
-0.412282
-0.412633
-0.412870
-0.413164
-0.413342
-0.413359
-0.413842
-0.414269
-0.414514
-0.415138
-0.415444
-0.416515
-0.416569
-0.416858
-0.419680
-0.420528
-0.420609
-0.420964
-0.422101
-0.422247
-0.424508
-0.427933
-0.428012
-0.428092
-0.429650
-0.430445
-0.431635
-0.432690
-0.432940
-0.433736
-0.434261
-0.434450
-0.434932
-0.436257
-0.436328
-0.436639
-0.436642
-0.437943
-0.438546
-0.438962
-0.441091
-0.441811
-0.442068
-0.442614
-0.442938
-0.443843
-0.444034
-0.444046
-0.444305
-0.445094
-0.446223
-0.446301
-0.446458
-0.446816
-0.448276
-0.448443
-0.449317
-0.449955
-0.450597
-0.450932
-0.451341
-0.451501
-0.451614
-0.452226
-0.452256
-0.453205
-0.454968
-0.455859
-0.456254
-0.457039
-0.458357
-0.458459
-0.459200
-0.459933
-0.460071
-0.461245
-0.461987
-0.462938
-0.463257
-0.463777
-0.464186
-0.464781
-0.465607
-0.465808
-0.467279
-0.468153
-0.469165
-0.469736
-0.469871
-0.469910
-0.470413
-0.470896
-0.470969
-0.471165
-0.472037
-0.473005
-0.473318
-0.473422
-0.473595
-0.473852
-0.473955
-0.475047
-0.475384
-0.476150
-0.476192
-0.476742
-0.478142
-0.478248
-0.479001
-0.479951
-0.481395
-0.486591
-0.486684
-0.486936
-0.487993
-0.488307
-0.488389
-0.489210
-0.489552
-0.489917
-0.490489
-0.491444
-0.493561
-0.494362
-0.494515
-0.495302
-0.496616
-0.497943
-0.498453
-0.499312
-0.500150
-0.500579
-0.500658
-0.501274
-0.501682
-0.502111
-0.502240
-0.502974
-0.503139
-0.504184
-0.505584
-0.507022
-0.508404
-0.510929
-0.511872
-0.512473
-0.512662
-0.513240
-0.514102
-0.516402
-0.516846
-0.517982
-0.518016
-0.518492
-0.519126
-0.519313
-0.519377
-0.520958
-0.521274
-0.521351
-0.522401
-0.522555
-0.522567
-0.523183
-0.524099
-0.524631
-0.525521
-0.526181
-0.526581
-0.526688
-0.528268
-0.528692
-0.529631
-0.531124
-0.532202
-0.532630
-0.533056
-0.534256
-0.534946
-0.535603
-0.535922
-0.538439
-0.539309
-0.539348
-0.541948
-0.542538
-0.544351
-0.544732
-0.545713
-0.545966
-0.546034
-0.546640
-0.547015
-0.548298
-0.548534
-0.549410
-0.550746
-0.551437
-0.552802
-0.553740
-0.555988
-0.556184
-0.556192
-0.556549
-0.556617
-0.556874
-0.557702
-0.558841
-0.560754
-0.561577
-0.561708
-0.562387
-0.562530
-0.563029
-0.564748
-0.565223
-0.565564
-0.566655
-0.566729
-0.567189
-0.567196
-0.567600
-0.567949
-0.567991
-0.570096
-0.570128
-0.570193
-0.570992
-0.572553
-0.572681
-0.573528
-0.573641
-0.574270
-0.574536
-0.574552
-0.575573
-0.575611
-0.576152
-0.576489
-0.576506
-0.576858
-0.576973
-0.577089
-0.578641
-0.580113
-0.581567
-0.582465
-0.582545
-0.583718
-0.584694
-0.585440
-0.586827
-0.588113
-0.589793
-0.590632
-0.591185
-0.592715
-0.595173
-0.597454
-0.598582
-0.600281
-0.603234
-0.603329
-0.603637
-0.603788
-0.603822
-0.603934
-0.604216
-0.604864
-0.604946
-0.605536
-0.605658
-0.609221
-0.610177
-0.610387
-0.611540
-0.611720
-0.611727
-0.612755
-0.613000
-0.613305
-0.613988
-0.615462
-0.616723
-0.617198
-0.617695
-0.618230
-0.618438
-0.619487
-0.619617
-0.621435
-0.622014
-0.622298
-0.622363
-0.622555
-0.622625
-0.623123
-0.623156
-0.623569
-0.625586
-0.625904
-0.626500
-0.626553
-0.627216
-0.628120
-0.628735
-0.629126
-0.629478
-0.631938
-0.632412
-0.632819
-0.633292
-0.634639
-0.634844
-0.635025
-0.635786
-0.635860
-0.637011
-0.638763
-0.638880
-0.640487
-0.641365
-0.642229
-0.644044
-0.644277
-0.648343
-0.649932
-0.651456
-0.651651
-0.652069
-0.652415
-0.652594
-0.653020
-0.654480
-0.656663
-0.656717
-0.656941
-0.657054
-0.657173
-0.659016
-0.659315
-0.661555
-0.662462
-0.662608
-0.662750
-0.663609
-0.663957
-0.666173
-0.667180
-0.668304
-0.668444
-0.669455
-0.669546
-0.669636
-0.670885
-0.670892
-0.673079
-0.673199
-0.675712
-0.676254
-0.676357
-0.677086
-0.678991
-0.679757
-0.681069
-0.681293
-0.682115
-0.682229
-0.684227
-0.684832
-0.684978
-0.686101
-0.688077
-0.688596
-0.690886
-0.691761
-0.692145
-0.692397
-0.692416
-0.696877
-0.697313
-0.697709
-0.698494
-0.698536
-0.699988
-0.700300
-0.701222
-0.703322
-0.703595
-0.704081
-0.704949
-0.706708
-0.708701
-0.709036
-0.711115
-0.711713
-0.711938
-0.713138
-0.713338
-0.713641
-0.713833
-0.714786
-0.719018
-0.719081
-0.720068
-0.721142
-0.721791
-0.721827
-0.722782
-0.723658
-0.724488
-0.725171
-0.726035
-0.726167
-0.726441
-0.726785
-0.726875
-0.727035
-0.727216
-0.727850
-0.728732
-0.729698
-0.730537
-0.730669
-0.730746
-0.731252
-0.731708
-0.733614
-0.734041
-0.734190
-0.734252
-0.734331
-0.734937
-0.735234
-0.735264
-0.735645
-0.737431
-0.739594
-0.740270
-0.741543
-0.746451
-0.746767
-0.748725
-0.750321
-0.750735
-0.751917
-0.752866
-0.754276
-0.754315
-0.754581
-0.754659
-0.754763
-0.755922
-0.757260
-0.757688
-0.757990
-0.758357
-0.760682
-0.761838
-0.762145
-0.763126
-0.763651
-0.764106
-0.764481
-0.765832
-0.767145
-0.767169
-0.767184
-0.767930
-0.768048
-0.768735
-0.768775
-0.768945
-0.769263
-0.769893
-0.770298
-0.772768
-0.773810
-0.774729
-0.774977
-0.776205
-0.777067
-0.777100
-0.777228
-0.779980
-0.780076
-0.784654
-0.785134
-0.785631
-0.787859
-0.788260
-0.788374
-0.790000
-0.792119
-0.794108
-0.795704
-0.795909
-0.797451
-0.797998
-0.798284
-0.798308
-0.798392
-0.798824
-0.799586
-0.800273
-0.800466
-0.801441
-0.802517
-0.803263
-0.804009
-0.804033
-0.804527
-0.806614
-0.806625
-0.807226
-0.807648
-0.811761
-0.812009
-0.813678
-0.814091
-0.814622
-0.817123
-0.817919
-0.822273
-0.823210
-0.825375
-0.825863
-0.826933
-0.827688
-0.828540
-0.829522
-0.830810
-0.831624
-0.832252
-0.832629
-0.833061
-0.833342
-0.835641
-0.836734
-0.837215
-0.837840
-0.841051
-0.843485
-0.843676
-0.845940
-0.847658
-0.847785
-0.847892
-0.850026
-0.850657
-0.851188
-0.851270
-0.851925
-0.852922
-0.854556
-0.855306
-0.856418
-0.856913
-0.857469
-0.857974
-0.858853
-0.859638
-0.861283
-0.861576
-0.863517
-0.865566
-0.866416
-0.867884
-0.870749
-0.870993
-0.871196
-0.872264
-0.872897
-0.873886
-0.875369
-0.875579
-0.876077
-0.877306
-0.878414
-0.878581
-0.881031
-0.882458
-0.882718
-0.883080
-0.883161
-0.884809
-0.884897
-0.886199
-0.887578
-0.888909
-0.889124
-0.891352
-0.891533
-0.892253
-0.892835
-0.892962
-0.893263
-0.893690
-0.897422
-0.897702
-0.898203
-0.900442
-0.900686
-0.901031
-0.901595
-0.901675
-0.902492
-0.902812
-0.903432
-0.904484
-0.904551
-0.907262
-0.907303
-0.907389
-0.907542
-0.907838
-0.908256
-0.908341
-0.910402
-0.910773
-0.911910
-0.912626
-0.913397
-0.915940
-0.917344
-0.919038
-0.921292
-0.922667
-0.924734
-0.925546
-0.925940
-0.927393
-0.927527
-0.928213
-0.928422
-0.928910
-0.932563
-0.932987
-0.933240
-0.933842
-0.935596
-0.936244
-0.936813
-0.937674
-0.937983
-0.939070
-0.940698
-0.941652
-0.942637
-0.942828
-0.944237
-0.945047
-0.946863
-0.947394
-0.947894
-0.948024
-0.948063
-0.949533
-0.949740
-0.950095
-0.951080
-0.952988
-0.954914
-0.955832
-0.958021
-0.958127
-0.958482
-0.960244
-0.961048
-0.962512
-0.962611
-0.962675
-0.963252
-0.964261
-0.965737
-0.966539
-0.966671
-0.967197
-0.967201
-0.967846
-0.967855
-0.969020
-0.969884
-0.970993
-0.971688
-0.971933
-0.972894
-0.976216
-0.979086
-0.980024
-0.982442
-0.983165
-0.983497
-0.984564
-0.984659
-0.985332
-0.985376
-0.987126
-0.991210
-0.991980
-0.992648
-0.992960
-0.993001
-0.994684
-0.997596
-0.999159
-0.999632
-0.999777
-1.000811
-1.001304
-1.001748
-1.002154
-1.003311
-1.004899
-1.005388
-1.005617
-1.005714
-1.006459
-1.009215
-1.010935
-1.011178
-1.012180
-1.013610
-1.015090
-1.016220
-1.016603
-1.017261
-1.019049
-1.019312
-1.019322
-1.019973
-1.023123
-1.023281
-1.023351
-1.026007
-1.026223
-1.026355
-1.029418
-1.031191
-1.032456
-1.032928
-1.033989
-1.034408
-1.034606
-1.036033
-1.041535
-1.042706
-1.043371
-1.043745
-1.043828
-1.044942
-1.045422
-1.045693
-1.046990
-1.047616
-1.048443
-1.049388
-1.050005
-1.051341
-1.052158
-1.052558
-1.052716
-1.053220
-1.054333
-1.054944
-1.055160
-1.058223
-1.059023
-1.059444
-1.061440
-1.061597
-1.063916
-1.068997
-1.069550
-1.069695
-1.071197
-1.073423
-1.074302
-1.075862
-1.076674
-1.077013
-1.077763
-1.079380
-1.084568
-1.086434
-1.087433
-1.087952
-1.089653
-1.089831
-1.089921
-1.093228
-1.093781
-1.096178
-1.096348
-1.096374
-1.097002
-1.097788
-1.098464
-1.098989
-1.099066
-1.099243
-1.099569
-1.100591
-1.101360
-1.102244
-1.102255
-1.102815
-1.104860
-1.106830
-1.106857
-1.107035
-1.109008
-1.109857
-1.109885
-1.110106
-1.110402
-1.111632
-1.111748
-1.112126
-1.112224
-1.113374
-1.113813
-1.114836
-1.115235
-1.115500
-1.116034
-1.116283
-1.117159
-1.118264
-1.118649
-1.119320
-1.120712
-1.122504
-1.123623
-1.125059
-1.125786
-1.126131
-1.128102
-1.130040
-1.130571
-1.130655
-1.131263
-1.131457
-1.132096
-1.132245
-1.132644
-1.133002
-1.134807
-1.135226
-1.135499
-1.136353
-1.136474
-1.136511
-1.138250
-1.138803
-1.139796
-1.139936
-1.140557
-1.142964
-1.143564
-1.144461
-1.144814
-1.144992
-1.146677
-1.147302
-1.147698
-1.148238
-1.150768
-1.150773
-1.153131
-1.156834
-1.157613
-1.157768
-1.157842
-1.158589
-1.158963
-1.159588
-1.160544
-1.161303
-1.161859
-1.162457
-1.163398
-1.163735
-1.164143
-1.164175
-1.165171
-1.166834
-1.166918
-1.167198
-1.167244
-1.167566
-1.167607
-1.167668
-1.168550
-1.168832
-1.170120
-1.170322
-1.172105
-1.172592
-1.173513
-1.174368
-1.175855
-1.176317
-1.177334
-1.177580
-1.177905
-1.177984
-1.178045
-1.179072
-1.180356
-1.180357
-1.181688
-1.183159
-1.183827
-1.183851
-1.183969
-1.185162
-1.186688
-1.186879
-1.189039
-1.189066
-1.189722
-1.191645
-1.192491
-1.193527
-1.193794
-1.194283
-1.195429
-1.197697
-1.199300
-1.199846
-1.200277
-1.200306
-1.200397
-1.200609
-1.200619
-1.200940
-1.202987
-1.204844
-1.205832
-1.206674
-1.209075
-1.209640
-1.211380
-1.211676
-1.213539
-1.216266
-1.216829
-1.216984
-1.218130
-1.219161
-1.219517
-1.219889
-1.220698
-1.221294
-1.221730
-1.222018
-1.223571
-1.224017
-1.224507
-1.225971
-1.227414
-1.228194
-1.228929
-1.229314
-1.229541
-1.229860
-1.230816
-1.231633
-1.231931
-1.234048
-1.234270
-1.236514
-1.236625
-1.238859
-1.240112
-1.242485
-1.243226
-1.243370
-1.244585
-1.246041
-1.246679
-1.247549
-1.248382
-1.249281
-1.250327
-1.251040
-1.251205
-1.256879
-1.258231
-1.258256
-1.258358
-1.259382
-1.261993
-1.263722
-1.264169
-1.265483
-1.266932
-1.268261
-1.272846
-1.274280
-1.274845
-1.277699
-1.278886
-1.278927
-1.281184
-1.282560
-1.285343
-1.286138
-1.287112
-1.287357
-1.288421
-1.288705
-1.290572
-1.291964
-1.292121
-1.292286
-1.292334
-1.293242
-1.295287
-1.296367
-1.296436
-1.299875
-1.301284
-1.301403
-1.301560
-1.302139
-1.302615
-1.303544
-1.303949
-1.304058
-1.305441
-1.306147
-1.306755
-1.306808
-1.306969
-1.307124
-1.308201
-1.308999
-1.310054
-1.311154
-1.311295
-1.312143
-1.314259
-1.314968
-1.315158
-1.315740
-1.317895
-1.319623
-1.319783
-1.321957
-1.322901
-1.325665
-1.326060
-1.326504
-1.328659
-1.328889
-1.329558
-1.330125
-1.331702
-1.333992
-1.334062
-1.336314
-1.336611
-1.339887
-1.340141
-1.340499
-1.340581
-1.341575
-1.343646
-1.345032
-1.345277
-1.346234
-1.350354
-1.350939
-1.351987
-1.353411
-1.355070
-1.355927
-1.358120
-1.360079
-1.361151
-1.362383
-1.362658
-1.363055
-1.364944
-1.366015
-1.366036
-1.367198
-1.368215
-1.369194
-1.369455
-1.370220
-1.370565
-1.370566
-1.373689
-1.373840
-1.374425
-1.374537
-1.374566
-1.374689
-1.375858
-1.376792
-1.382075
-1.382402
-1.383599
-1.386840
-1.389617
-1.390246
-1.390494
-1.391128
-1.391614
-1.392848
-1.396343
-1.396585
-1.398285
-1.399102
-1.399576
-1.400707
-1.402007
-1.404752
-1.405829
-1.405895
-1.406079
-1.407592
-1.408740
-1.411705
-1.413156
-1.413236
-1.413380
-1.416477
-1.417385
-1.418986
-1.419342
-1.421186
-1.422858
-1.425240
-1.426113
-1.426281
-1.427246
-1.430326
-1.430979
-1.431356
-1.431548
-1.433912
-1.435695
-1.435706
-1.437255
-1.438049
-1.438295
-1.438311
-1.439465
-1.439888
-1.441689
-1.442587
-1.446634
-1.447979
-1.449972
-1.451608
-1.453780
-1.454934
-1.455091
-1.455546
-1.456287
-1.459590
-1.463196
-1.463733
-1.464370
-1.466159
-1.467128
-1.467474
-1.468477
-1.468576
-1.470202
-1.471222
-1.471987
-1.472477
-1.482104
-1.482714
-1.483582
-1.483768
-1.487165
-1.487502
-1.488318
-1.488806
-1.493458
-1.496197
-1.498799
-1.499739
-1.500391
-1.502609
-1.503724
-1.504243
-1.504833
-1.506176
-1.506666
-1.507202
-1.507355
-1.511164
-1.511248
-1.511480
-1.513030
-1.513770
-1.518302
-1.519777
-1.520109
-1.520427
-1.522884
-1.523275
-1.524679
-1.526807
-1.528655
-1.529433
-1.532805
-1.539363
-1.541404
-1.541535
-1.551570
-1.551796
-1.552675
-1.552723
-1.560268
-1.561937
-1.562405
-1.565519
-1.565599
-1.567577
-1.568137
-1.569806
-1.569951
-1.569957
-1.570339
-1.570539
-1.570785
-1.571604
-1.573950
-1.574588
-1.575341
-1.575574
-1.578390
-1.585318
-1.586259
-1.588070
-1.589310
-1.593209
-1.593262
-1.595098
-1.596115
-1.599320
-1.600798
-1.604851
-1.604950
-1.608043
-1.609143
-1.610863
-1.613835
-1.618166
-1.622759
-1.626406
-1.629513
-1.630075
-1.631825
-1.631837
-1.632043
-1.633718
-1.635821
-1.638473
-1.641213
-1.644219
-1.645439
-1.646989
-1.649600
-1.655667
-1.655994
-1.656098
-1.658171
-1.667388
-1.668861
-1.670026
-1.670491
-1.671946
-1.674030
-1.677345
-1.680995
-1.681582
-1.683597
-1.684003
-1.684394
-1.689084
-1.690177
-1.692116
-1.692340
-1.692726
-1.693420
-1.697549
-1.701954
-1.705698
-1.716810
-1.717184
-1.721954
-1.724216
-1.732876
-1.735085
-1.741167
-1.741397
-1.741712
-1.742857
-1.745333
-1.752891
-1.756808
-1.761497
-1.765300
-1.770885
-1.775938
-1.781065
-1.787394
-1.802438
-1.805038
-1.808041
-1.812350
-1.813511
-1.820303
-1.822645
-1.824281
-1.831958
-1.839026
-1.840174
-1.854351
-1.857730
-1.866243
-1.887368
-1.889183
-1.907150
-1.910517
-1.936255
-1.942977
-1.943309
-1.952821
-1.978164
-1.979436
-1.985806
-1.988842
-1.989377
-1.993411
-1.993614
-2.046592
-2.063809
-2.071963
-2.094302
-2.105535
-2.114353
-2.132593
-2.143242
-2.342683
0.000499
0.000556
0.002743
0.003142
0.003193
0.005247
0.005528
0.005844
0.005902
0.006301
0.007043
0.007667
0.007971
0.008007
0.008056
0.008078
0.008199
0.008393
0.008699
0.008834
0.009754
0.009822
0.010718
0.013091
0.013133
0.014402
0.014776
0.015155
0.018034
0.018663
0.019121
0.019235
0.019365
0.020857
0.021228
0.021574
0.023926
0.024381
0.025674
0.026629
0.026631
0.027268
0.028486
0.028487
0.028664
0.029211
0.030323
0.031077
0.031459
0.031604
0.032459
0.033775
0.034413
0.035052
0.036394
0.036620
0.040527
0.040763
0.041751
0.042393
0.044570
0.044709
0.044813
0.045381
0.045816
0.045919
0.046511
0.047799
0.048354
0.048929
0.050840
0.050938
0.052497
0.053438
0.053835
0.054934
0.055774
0.055862
0.056374
0.056848
0.056951
0.057922
0.059086
0.059596
0.059918
0.060647
0.063310
0.063390
0.063839
0.064950
0.067238
0.067383
0.067425
0.067586
0.069344
0.069710
0.071219
0.071460
0.071472
0.071970
0.072153
0.072975
0.073884
0.074112
0.074783
0.075453
0.076669
0.076983
0.077128
0.078914
0.078963
0.080179
0.080660
0.081505
0.081790
0.082615
0.082704
0.083608
0.083742
0.083897
0.083944
0.085068
0.086503
0.086654
0.087535
0.089586
0.089742
0.090683
0.092704
0.093360
0.094211
0.094744
0.097104
0.097124
0.097758
0.098333
0.098497
0.098648
0.101744
0.102237
0.103294
0.104029
0.104107
0.104506
0.105306
0.105610
0.107051
0.107977
0.108176
0.110096
0.110209
0.111083
0.111588
0.112440
0.112675
0.113806
0.114949
0.115223
0.115302
0.115923
0.116214
0.116803
0.116831
0.117814
0.118507
0.118658
0.119290
0.120042
0.120188
0.121182
0.121488
0.121577
0.121910
0.122381
0.122945
0.123293
0.124239
0.124504
0.125753
0.126791
0.126858
0.127252
0.128973
0.129689
0.130056
0.130720
0.131098
0.132255
0.132503
0.132504
0.132787
0.133300
0.133500
0.135709
0.135989
0.136408
0.138452
0.139210
0.139912
0.140998
0.141262
0.142435
0.142458
0.142937
0.143200
0.144292
0.144592
0.145520
0.145684
0.145838
0.145974
0.146133
0.146936
0.148235
0.148282
0.148283
0.148668
0.148802
0.150195
0.152084
0.152842
0.153341
0.156220
0.156330
0.156389
0.158046
0.159743
0.160748
0.161428
0.162097
0.162293
0.163198
0.165350
0.165975
0.166737
0.167734
0.167827
0.169206
0.171256
0.171286
0.172484
0.173869
0.175004
0.175347
0.175485
0.176454
0.176469
0.176644
0.177155
0.177213
0.177964
0.178464
0.178830
0.179511
0.179684
0.180087
0.180734
0.180997
0.181179
0.181738
0.183345
0.184173
0.184706
0.185027
0.186601
0.186718
0.190049
0.190334
0.190627
0.191727
0.191738
0.191845
0.192236
0.193341
0.193713
0.195211
0.196137
0.196466
0.196540
0.196800
0.197018
0.197189
0.197267
0.198317
0.198524
0.198674
0.198897
0.199045
0.199595
0.199698
0.201197
0.202014
0.202231
0.202535
0.203984
0.204186
0.205401
0.205531
0.205916
0.206942
0.207205
0.207276
0.207721
0.208732
0.209302
0.209929
0.209965
0.211530
0.212396
0.212900
0.213131
0.215244
0.215602
0.216363
0.217193
0.218554
0.218651
0.218969
0.219454
0.220413
0.220511
0.220750
0.221051
0.221245
0.221626
0.222023
0.222290
0.222572
0.222605
0.222867
0.223104
0.223669
0.223978
0.224426
0.224747
0.226542
0.226549
0.227191
0.227546
0.228100
0.228781
0.228825
0.229204
0.230367
0.230523
0.230599
0.230933
0.232165
0.235405
0.235440
0.236083
0.236644
0.238889
0.238995
0.239115
0.239311
0.241303
0.242426
0.243664
0.244496
0.245311
0.246364
0.246431
0.246827
0.246866
0.247290
0.247562
0.248210
0.248409
0.248861
0.248967
0.249143
0.250295
0.250793
0.250982
0.251000
0.251005
0.251058
0.251238
0.251604
0.253060
0.253299
0.255690
0.256320
0.256829
0.257010
0.257060
0.257810
0.258136
0.262277
0.262426
0.263230
0.263267
0.263610
0.265599
0.266805
0.267382
0.267509
0.267915
0.268533
0.269049
0.269357
0.269546
0.269656
0.269884
0.270341
0.270731
0.270791
0.271099
0.271386
0.272029
0.272474
0.273019
0.273656
0.273685
0.273822
0.275308
0.276114
0.277359
0.277477
0.278398
0.278814
0.279370
0.279423
0.279997
0.280168
0.280291
0.280317
0.283650
0.283806
0.283829
0.283932
0.285748
0.286028
0.286506
0.288067
0.288154
0.288219
0.289087
0.289306
0.289590
0.290048
0.290567
0.292627
0.292757
0.293669
0.293923
0.294559
0.295678
0.296033
0.296668
0.298031
0.300887
0.300906
0.303278
0.304495
0.304641
0.305412
0.306345
0.306382
0.306899
0.307060
0.307493
0.308316
0.310196
0.310968
0.312036
0.313905
0.313969
0.314711
0.315911
0.316017
0.316089
0.316460
0.317228
0.317361
0.317650
0.318029
0.318978
0.319998
0.321236
0.321757
0.322585
0.322750
0.322837
0.324540
0.324562
0.325233
0.325573
0.327169
0.327512
0.328750
0.329523
0.329983
0.330552
0.331265
0.331720
0.331941
0.332532
0.332806
0.333490
0.334915
0.336357
0.336898
0.337251
0.338229
0.339343
0.340974
0.342096
0.342253
0.344020
0.344180
0.344568
0.345146
0.345324
0.346217
0.346894
0.347134
0.347443
0.348804
0.349233
0.349537
0.349910
0.350445
0.352845
0.353654
0.355088
0.355288
0.355419
0.355550
0.356342
0.358205
0.358727
0.360612
0.361516
0.362048
0.362986
0.363394
0.363488
0.364914
0.365321
0.367704
0.367921
0.368835
0.369195
0.369751
0.370422
0.370579
0.371077
0.371169
0.371607
0.372336
0.372442
0.372688
0.373559
0.373731
0.373947
0.374345
0.374509
0.375897
0.376047
0.376212
0.376295
0.376824
0.376853
0.377127
0.377359
0.378637
0.378874
0.379900
0.380124
0.380833
0.381018
0.382425
0.382539
0.383286
0.383474
0.384429
0.384688
0.386579
0.386784
0.388322
0.388856
0.389334
0.389356
0.390194
0.391761
0.392394
0.392846
0.392925
0.393224
0.394276
0.394692
0.395970
0.396366
0.398051
0.398187
0.398550
0.399427
0.399675
0.400581
0.400907
0.401751
0.404127
0.405570
0.406220
0.406735
0.407419
0.407899
0.408254
0.408357
0.408887
0.409016
0.409283
0.409933
0.410312
0.410915
0.411263
0.412252
0.412774
0.413079
0.413330
0.413801
0.414813
0.415371
0.416289
0.417255
0.418005
0.420320
0.420816
0.421833
0.422490
0.422568
0.422877
0.423283
0.423337
0.423818
0.424492
0.424518
0.426759
0.426970
0.427750
0.427834
0.428284
0.429937
0.429937
0.432724
0.432775
0.432951
0.433168
0.433449
0.433729
0.433745
0.435255
0.435623
0.437199
0.437239
0.440375
0.440598
0.441637
0.441676
0.442517
0.443063
0.444483
0.444772
0.444905
0.445539
0.447974
0.448078
0.449571
0.449942
0.450479
0.451275
0.451336
0.454809
0.455366
0.455595
0.455713
0.456078
0.456242
0.456463
0.456509
0.456638
0.457529
0.458521
0.458577
0.459406
0.460240
0.460384
0.461135
0.463487
0.464677
0.464993
0.465582
0.466746
0.467146
0.467194
0.467215
0.467514
0.468090
0.469013
0.469972
0.470430
0.470777
0.471075
0.471117
0.472588
0.472681
0.472879
0.473559
0.474091
0.474275
0.474339
0.474923
0.475191
0.476351
0.478298
0.481372
0.481567
0.481691
0.482168
0.482201
0.483431
0.483961
0.484669
0.485261
0.485755
0.486233
0.487033
0.487195
0.487636
0.487673
0.488166
0.488318
0.488417
0.490119
0.491621
0.493077
0.493231
0.493498
0.494417
0.494446
0.494731
0.495020
0.498329
0.499003
0.499148
0.499897
0.500701
0.500778
0.501390
0.502075
0.502820
0.503298
0.504467
0.504521
0.504673
0.504710
0.505690
0.505995
0.506628
0.507301
0.508859
0.509740
0.510413
0.510940
0.512345
0.512384
0.512598
0.512910
0.514206
0.514491
0.515001
0.516623
0.517478
0.517502
0.518337
0.518518
0.518581
0.518892
0.519102
0.521477
0.522294
0.522329
0.524197
0.524769
0.525190
0.526463
0.526504
0.526980
0.527296
0.527326
0.527448
0.527501
0.527650
0.528797
0.529496
0.529978
0.530641
0.531701
0.535623
0.536489
0.536788
0.536800
0.538188
0.539392
0.539622
0.541358
0.541426
0.541936
0.542185
0.542893
0.544157
0.544251
0.544446
0.544529
0.545496
0.545706
0.545832
0.546589
0.546756
0.546760
0.546802
0.546958
0.547874
0.549533
0.549613
0.550686
0.551670
0.553013
0.554481
0.556755
0.557163
0.557258
0.557321
0.557544
0.559560
0.560290
0.561178
0.563081
0.563322
0.563732
0.564347
0.564471
0.565803
0.568931
0.568936
0.569264
0.569643
0.571114
0.571619
0.571761
0.572337
0.572372
0.574020
0.575220
0.577469
0.577813
0.578056
0.578818
0.579295
0.580808
0.581382
0.583008
0.583367
0.583553
0.583781
0.584501
0.585386
0.585754
0.585874
0.586067
0.586426
0.586756
0.587360
0.589540
0.589774
0.590348
0.590365
0.590480
0.591080
0.591622
0.592560
0.594217
0.595444
0.596864
0.596964
0.597469
0.597669
0.598800
0.599557
0.600213
0.600427
0.601119
0.601962
0.603728
0.603904
0.604677
0.605881
0.606318
0.607549
0.608491
0.608920
0.609382
0.609624
0.609830
0.610258
0.611917
0.613017
0.614323
0.614468
0.614872
0.616071
0.616526
0.616714
0.617105
0.617485
0.619827
0.620833
0.622255
0.622907
0.623750
0.623927
0.623991
0.624070
0.626510
0.627060
0.627837
0.628484
0.631077
0.632530
0.633148
0.633601
0.633968
0.634823
0.635167
0.636122
0.636190
0.637917
0.638011
0.638240
0.639077
0.639247
0.639341
0.639495
0.639659
0.639890
0.640905
0.641799
0.644269
0.648088
0.648304
0.648844
0.648912
0.649056
0.649087
0.649145
0.649276
0.650553
0.650732
0.651109
0.651538
0.652109
0.653141
0.654102
0.654851
0.656279
0.657540
0.658775
0.658856
0.659482
0.660691
0.661089
0.661200
0.661475
0.662683
0.663049
0.663854
0.664463
0.666229
0.666328
0.666440
0.666684
0.666794
0.669461
0.669838
0.670945
0.675477
0.676395
0.677217
0.677852
0.678362
0.679018
0.679076
0.680384
0.682292
0.682668
0.683064
0.683385
0.686852
0.687137
0.687760
0.688289
0.688629
0.688719
0.690820
0.690914
0.691801
0.692326
0.696784
0.697765
0.699064
0.699658
0.699943
0.700750
0.700781
0.701496
0.701720
0.702643
0.703667
0.705676
0.706640
0.708473
0.709826
0.710066
0.710185
0.710408
0.710680
0.711478
0.711562
0.711583
0.712786
0.714586
0.714922
0.715795
0.716050
0.716106
0.716271
0.718610
0.718919
0.719963
0.720133
0.721139
0.721228
0.721516
0.722204
0.722441
0.723050
0.723520
0.723986
0.724086
0.724937
0.725437
0.725513
0.726855
0.727461
0.727820
0.729371
0.730868
0.731158
0.731810
0.732798
0.733134
0.733299
0.733399
0.734202
0.735634
0.735639
0.736475
0.736600
0.736937
0.738150
0.738625
0.739496
0.739616
0.740149
0.740453
0.740554
0.740583
0.740693
0.741042
0.741746
0.741942
0.742066
0.742644
0.742687
0.742956
0.742984
0.743240
0.743666
0.744129
0.744972
0.745762
0.746595
0.746839
0.746970
0.747081
0.747919
0.749200
0.750755
0.751130
0.751902
0.752391
0.752441
0.752499
0.754102
0.754124
0.755262
0.756233
0.756296
0.756723
0.757264
0.757445
0.758083
0.758893
0.759008
0.759206
0.759621
0.760024
0.760313
0.761296
0.761585
0.762195
0.762834
0.764268
0.765950
0.766713
0.767355
0.767793
0.767835
0.768835
0.769116
0.769418
0.769754
0.771587
0.775487
0.776904
0.777403
0.778575
0.780164
0.782368
0.783028
0.785049
0.785087
0.785996
0.787061
0.787337
0.787670
0.787873
0.788468
0.789018
0.789163
0.789392
0.789580
0.789932
0.792931
0.793756
0.793972
0.794219
0.794589
0.795850
0.796511
0.796610
0.797775
0.797855
0.798416
0.800526
0.801063
0.801692
0.802635
0.803760
0.804452
0.805618
0.805811
0.807002
0.807613
0.807637
0.809529
0.809613
0.811007
0.811454
0.812323
0.812829
0.813149
0.813567
0.813847
0.814702
0.814733
0.815288
0.815392
0.815785
0.816543
0.816566
0.818846
0.818978
0.819175
0.819997
0.820058
0.820118
0.820623
0.821250
0.821721
0.821910
0.822702
0.822854
0.823228
0.823619
0.825003
0.825138
0.826743
0.827342
0.827789
0.828163
0.828741
0.830025
0.830196
0.830851
0.831367
0.832154
0.835192
0.835379
0.836163
0.836406
0.838696
0.841129
0.841529
0.843158
0.843273
0.843644
0.844235
0.844449
0.845785
0.846930
0.847286
0.847813
0.848192
0.848958
0.849362
0.849620
0.850526
0.851151
0.851847
0.852582
0.852717
0.854282
0.854556
0.856074
0.856793
0.856933
0.859363
0.859367
0.861773
0.861824
0.862635
0.864817
0.865328
0.866808
0.868318
0.868849
0.869392
0.869469
0.871532
0.872265
0.873144
0.873396
0.873835
0.873837
0.874212
0.875244
0.875911
0.875987
0.876161
0.877053
0.877844
0.878684
0.879649
0.879697
0.880252
0.880418
0.880545
0.880663
0.880713
0.881469
0.882148
0.883345
0.883428
0.883823
0.884251
0.884688
0.887114
0.888870
0.889252
0.889480
0.889855
0.890454
0.890741
0.891337
0.892104
0.892511
0.893181
0.896310
0.898575
0.898605
0.898893
0.899990
0.900082
0.901211
0.901256
0.901530
0.903244
0.904289
0.905610
0.906645
0.906899
0.908252
0.908614
0.908823
0.910968
0.911567
0.912250
0.912409
0.913039
0.913156
0.914358
0.914597
0.915228
0.915872
0.916105
0.917109
0.917184
0.917246
0.918212
0.918388
0.918403
0.918667
0.918793
0.918866
0.919082
0.920225
0.920274
0.920318
0.920425
0.920940
0.921439
0.921640
0.922553
0.923533
0.924801
0.925205
0.925831
0.926072
0.927113
0.927142
0.927471
0.927678
0.928007
0.928826
0.928967
0.929033
0.931438
0.932856
0.934201
0.934344
0.935920
0.935986
0.937707
0.937792
0.938176
0.938421
0.939053
0.939272
0.940698
0.940707
0.941306
0.941713
0.943015
0.943378
0.946556
0.947118
0.947645
0.947938
0.948797
0.948988
0.949051
0.949486
0.951029
0.951158
0.951240
0.951862
0.952053
0.952085
0.953247
0.953257
0.954067
0.954539
0.954767
0.954884
0.955812
0.957444
0.957614
0.957685
0.957951
0.958930
0.959806
0.959866
0.960805
0.960866
0.960956
0.963187
0.963595
0.964162
0.965275
0.965538
0.966170
0.966524
0.967867
0.969945
0.973144
0.973147
0.974332
0.974813
0.974823
0.974859
0.975103
0.975303
0.975480
0.975854
0.976446
0.976596
0.977473
0.978536
0.979576
0.981706
0.982790
0.982840
0.983728
0.984054
0.985310
0.985799
0.986543
0.986769
0.987700
0.988185
0.988510
0.988621
0.989381
0.989593
0.990138
0.991048
0.991808
0.992493
0.994463
0.995205
0.997424
0.997940
0.999222
1.000291
1.001252
1.001718
1.001738
1.002563
1.002622
1.002888
1.004626
1.006444
1.006622
1.007163
1.007480
1.008103
1.009238
1.009588
1.010448
1.011203
1.012296
1.013087
1.013473
1.013674
1.013909
1.014508
1.015606
1.016916
1.017206
1.017979
1.018048
1.018183
1.018996
1.019179
1.019497
1.019539
1.020321
1.021015
1.022320
1.023468
1.024219
1.024531
1.025033
1.025226
1.026206
1.026523
1.026800
1.027513
1.027620
1.027860
1.030919
1.032423
1.033128
1.033930
1.034399
1.034826
1.035978
1.036682
1.036887
1.038916
1.040884
1.041038
1.041330
1.041606
1.041790
1.043185
1.043393
1.043558
1.044011
1.044476
1.046817
1.046851
1.046991
1.047097
1.047486
1.049750
1.050807
1.051363
1.052624
1.055351
1.055715
1.056855
1.057206
1.057822
1.060389
1.061918
1.062200
1.064273
1.064325
1.064870
1.065031
1.066099
1.066667
1.068635
1.068662
1.069644
1.070077
1.070221
1.071611
1.072223
1.073190
1.073811
1.074084
1.075148
1.075313
1.075413
1.076098
1.076250
1.079562
1.080379
1.081000
1.081516
1.084110
1.084142
1.084186
1.084340
1.084721
1.085653
1.085940
1.085957
1.086285
1.086859
1.087094
1.088762
1.089979
1.090358
1.090975
1.092909
1.093046
1.093553
1.094076
1.094079
1.094175
1.094432
1.095165
1.096669
1.096763
1.098584
1.098858
1.101610
1.103037
1.103631
1.105954
1.106515
1.106954
1.107409
1.107713
1.107809
1.108366
1.109184
1.109377
1.109779
1.109886
1.110366
1.110656
1.111348
1.112887
1.113392
1.113537
1.114258
1.114461
1.114472
1.114490
1.114791
1.115385
1.115830
1.116228
1.116911
1.117544
1.117763
1.118542
1.118627
1.118953
1.119362
1.119723
1.121265
1.121562
1.121835
1.121846
1.122887
1.123264
1.124150
1.124727
1.125234
1.125981
1.126626
1.126863
1.126976
1.127015
1.129537
1.129660
1.130776
1.130842
1.131113
1.131326
1.132345
1.132366
1.132791
1.134877
1.135512
1.135650
1.135657
1.135896
1.136030
1.136512
1.136669
1.136701
1.136912
1.138930
1.139037
1.139172
1.140430
1.141546
1.143092
1.144490
1.144502
1.144608
1.144875
1.144877
1.145171
1.145234
1.145329
1.145575
1.145655
1.146078
1.146369
1.146904
1.148316
1.148591
1.149019
1.149281
1.149473
1.149649
1.152562
1.152649
1.152788
1.152983
1.153201
1.153303
1.153732
1.156268
1.157542
1.157891
1.159591
1.159691
1.159746
1.160731
1.164101
1.164257
1.164886
1.165338
1.166468
1.166546
1.166838
1.167284
1.167328
1.167841
1.167857
1.168576
1.169508
1.171322
1.172642
1.173024
1.173467
1.173657
1.175211
1.175802
1.177040
1.177234
1.177563
1.177752
1.178228
1.178483
1.180163
1.180318
1.180341
1.181380
1.181862
1.182126
1.182250
1.183052
1.183244
1.183347
1.183592
1.184041
1.184862
1.184939
1.184962
1.185081
1.185381
1.186152
1.186226
1.186290
1.186389
1.186558
1.186608
1.187219
1.187382
1.188423
1.188595
1.190010
1.190087
1.190215
1.190533
1.190859
1.191271
1.191344
1.191727
1.192315
1.193286
1.193413
1.193579
1.193772
1.194843
1.195321
1.195630
1.195640
1.198095
1.198108
1.199484
1.199708
1.200081
1.201721
1.202598
1.203428
1.204885
1.205936
1.206030
1.206686
1.206942
1.208061
1.209871
1.212442
1.213554
1.215253
1.215464
1.216426
1.218056
1.218091
1.218975
1.219432
1.219925
1.219940
1.220193
1.221583
1.222136
1.222966
1.223010
1.224075
1.224479
1.225174
1.225668
1.227511
1.228135
1.228480
1.229114
1.229275
1.229378
1.230962
1.231792
1.233367
1.234316
1.234357
1.235710
1.236522
1.237467
1.238014
1.238195
1.238914
1.241973
1.242975
1.243546
1.244534
1.244605
1.245424
1.247499
1.249000
1.249897
1.251688
1.252265
1.253019
1.253851
1.254219
1.255253
1.255568
1.256066
1.256423
1.256433
1.256918
1.258390
1.260315
1.260486
1.260758
1.261467
1.262172
1.262467
1.262829
1.263695
1.264365
1.264557
1.264745
1.265279
1.265539
1.266538
1.266618
1.267969
1.268707
1.270487
1.270627
1.271862
1.272532
1.272558
1.272982
1.273604
1.274699
1.277197
1.277257
1.277518
1.277534
1.277688
1.277706
1.278041
1.278433
1.278536
1.280011
1.280086
1.280465
1.281249
1.281853
1.282271
1.283896
1.284467
1.285913
1.287323
1.288007
1.288470
1.288775
1.291076
1.291355
1.291982
1.292421
1.292961
1.293102
1.293610
1.294819
1.295383
1.295426
1.295719
1.295945
1.296259
1.297387
1.299424
1.300262
1.300720
1.302105
1.303589
1.305401
1.306406
1.306640
1.307237
1.309054
1.309952
1.310418
1.310543
1.311317
1.311431
1.311681
1.311992
1.312833
1.313059
1.313789
1.315803
1.316056
1.316223
1.316415
1.317489
1.317606
1.317836
1.318926
1.319053
1.320392
1.320494
1.320836
1.321694
1.323475
1.324121
1.324280
1.324410
1.325087
1.325401
1.327014
1.328447
1.330156
1.330421
1.331308
1.332269
1.333182
1.334412
1.336518
1.337156
1.337522
1.337843
1.337920
1.338138
1.339239
1.339307
1.340833
1.341799
1.341999
1.342703
1.343826
1.348140
1.349074
1.349267
1.350723
1.351010
1.352528
1.352540
1.353884
1.354098
1.354121
1.354640
1.355177
1.356689
1.357307
1.357569
1.358741
1.360388
1.360389
1.360595
1.360919
1.361841
1.362793
1.365846
1.366409
1.368031
1.368950
1.369382
1.369864
1.371661
1.372297
1.372565
1.372997
1.375655
1.377703
1.378655
1.378837
1.379040
1.379177
1.380283
1.380372
1.382714
1.383015
1.384081
1.384227
1.385701
1.386157
1.386492
1.386812
1.387593
1.389155
1.391483
1.392354
1.392527
1.392569
1.394375
1.395337
1.395401
1.395551
1.395595
1.396101
1.397278
1.397550
1.397800
1.400591
1.401296
1.402032
1.402468
1.402580
1.404249
1.405055
1.405916
1.406500
1.407155
1.407321
1.408511
1.409434
1.409808
1.410247
1.410597
1.410988
1.411215
1.414134
1.414738
1.415719
1.415951
1.419402
1.420022
1.420422
1.421096
1.421828
1.422371
1.424159
1.424274
1.424578
1.426806
1.427729
1.427831
1.428292
1.429182
1.430650
1.431682
1.432209
1.433233
1.434255
1.437123
1.437364
1.437631
1.438387
1.439707
1.439718
1.439840
1.440929
1.441458
1.442078
1.442602
1.443122
1.443342
1.444272
1.444894
1.445917
1.447465
1.447469
1.448299
1.452520
1.453554
1.453656
1.453842
1.455004
1.455197
1.455433
1.456581
1.458538
1.458577
1.458642
1.459070
1.460110
1.460718
1.464444
1.465208
1.465453
1.467131
1.467899
1.468787
1.469029
1.470112
1.470570
1.472010
1.472874
1.473047
1.473110
1.473321
1.474419
1.475392
1.476264
1.477679
1.477805
1.478394
1.480182
1.480288
1.480698
1.482719
1.482758
1.484398
1.485119
1.486183
1.487161
1.488492
1.488538
1.488708
1.488911
1.489160
1.489200
1.489685
1.489845
1.490903
1.491482
1.493143
1.493530
1.494853
1.495909
1.498604
1.498728
1.498851
1.501909
1.503237
1.504747
1.506032
1.507952
1.508704
1.509700
1.510877
1.513884
1.514940
1.515809
1.516296
1.518196
1.518727
1.519811
1.521873
1.523524
1.523776
1.524121
1.524421
1.525029
1.526680
1.526937
1.527795
1.527822
1.528108
1.529331
1.529387
1.530520
1.530585
1.530616
1.530816
1.531422
1.531961
1.532389
1.533742
1.533857
1.534029
1.535267
1.535468
1.535870
1.537249
1.537670
1.537823
1.538691
1.539151
1.539762
1.539775
1.540012
1.541507
1.541603
1.541895
1.542074
1.544764
1.544784
1.545012
1.545073
1.545250
1.546525
1.546836
1.547305
1.548080
1.548741
1.554118
1.554133
1.556394
1.556612
1.557191
1.558167
1.559674
1.560266
1.560559
1.561450
1.561522
1.562375
1.563511
1.564528
1.565021
1.566069
1.566572
1.567462
1.568559
1.568801
1.569020
1.570145
1.575397
1.575487
1.576466
1.577459
1.577494
1.577561
1.577588
1.577785
1.581934
1.582440
1.582894
1.584153
1.585214
1.585275
1.586827
1.587211
1.587268
1.587882
1.588377
1.589358
1.591208
1.591312
1.593215
1.594271
1.595378
1.595405
1.595997
1.598329
1.598336
1.598382
1.598677
1.598692
1.598767
1.598816
1.599066
1.599274
1.601238
1.601679
1.601785
1.601885
1.602201
1.603037
1.603322
1.605545
1.606421
1.608689
1.610154
1.611631
1.613208
1.614268
1.614820
1.616305
1.617602
1.618199
1.620511
1.622458
1.623395
1.623403
1.623956
1.624691
1.624854
1.625097
1.625404
1.627089
1.627981
1.628169
1.628937
1.629332
1.630390
1.630474
1.630510
1.630515
1.631030
1.631804
1.634755
1.635281
1.636675
1.637502
1.637695
1.637954
1.638323
1.638656
1.640183
1.640619
1.640974
1.642917
1.644191
1.644268
1.644838
1.645389
1.645660
1.646504
1.647473
1.647595
1.649384
1.649872
1.650252
1.650841
1.651416
1.651442
1.652132
1.652221
1.652535
1.652791
1.653470
1.653596
1.653807
1.653994
1.654046
1.655592
1.656468
1.656663
1.657454
1.659661
1.660230
1.660533
1.660775
1.662182
1.663751
1.666198
1.666359
1.667084
1.667787
1.670838
1.671342
1.672587
1.672829
1.674442
1.676648
1.676955
1.679257
1.680066
1.680156
1.685017
1.688804
1.691941
1.692867
1.695213
1.695988
1.697264
1.699470
1.699920
1.700028
1.700522
1.700806
1.701309
1.703170
1.704262
1.704293
1.704775
1.704896
1.706626
1.706691
1.714863
1.715155
1.716480
1.718152
1.718329
1.718667
1.719464
1.719609
1.720828
1.721299
1.722920
1.723357
1.726243
1.726792
1.730293
1.732159
1.733065
1.733500
1.733945
1.734622
1.736110
1.737900
1.738262
1.738471
1.738798
1.740522
1.740889
1.741776
1.742560
1.742572
1.744092
1.744259
1.747907
1.750015
1.750658
1.751909
1.756337
1.758209
1.758961
1.759970
1.760536
1.762015
1.762147
1.762309
1.763714
1.765146
1.765663
1.765923
1.766031
1.766906
1.768040
1.769534
1.771726
1.771981
1.776149
1.778202
1.779651
1.779790
1.781499
1.782037
1.783326
1.785401
1.787748
1.789266
1.792890
1.793500
1.794006
1.794052
1.795119
1.797505
1.798218
1.801118
1.806243
1.808423
1.809026
1.810401
1.811181
1.811585
1.813140
1.814078
1.814503
1.815227
1.816332
1.816456
1.816734
1.816788
1.817412
1.819063
1.820596
1.824169
1.824809
1.826985
1.827270
1.827663
1.832583
1.833199
1.835772
1.836970
1.839885
1.841019
1.841978
1.842021
1.846716
1.849717
1.850533
1.850739
1.853217
1.854948
1.855415
1.858003
1.861317
1.861580
1.863765
1.864279
1.867191
1.868237
1.869450
1.872077
1.873746
1.875156
1.877329
1.878147
1.879102
1.879284
1.880575
1.880602
1.884909
1.888700
1.889203
1.890678
1.891886
1.892458
1.896316
1.901453
1.901776
1.905697
1.906764
1.906986
1.910564
1.912351
1.915610
1.921484
1.926920
1.928286
1.929269
1.931865
1.933758
1.937680
1.940852
1.941586
1.943693
1.947144
1.950444
1.959309
1.959908
1.960077
1.966420
1.967162
1.967235
1.968115
1.968294
1.970313
1.976084
1.976287
1.979925
1.982558
1.988153
1.989398
1.993173
1.996507
1.997158
2.003574
2.010753
2.010779
2.011468
2.013023
2.014165
2.019062
2.022638
2.023883
2.026031
2.027570
2.028938
2.032230
2.032574
2.037546
2.038558
2.046512
2.052021
2.052269
2.064061
2.067938
2.069824
2.069938
2.070038
2.071994
2.076673
2.083644
2.091956
2.092524
2.093618
2.099994
2.112231
2.114484
2.115959
2.116434
2.119057
2.134359
2.141341
2.142390
2.149277
2.155238
2.163865
2.173614
2.174689
2.180836
2.186190
2.193467
2.195735
2.202675
2.206511
2.210770
2.213541
2.216103
2.218685
2.228605
2.234234
2.243205
2.245078
2.247756
2.248240
2.267707
2.283664
2.288755
2.290633
2.295806
2.301996
2.304477
2.307962
2.308090
2.319737
2.320093
2.333285
2.335114
2.349781
2.356130
2.356330
2.367700
2.384272
2.395459
2.427521
2.449911
2.452084
2.465131
2.465750
2.477018
2.493249
2.612806
2.624578
2.634852
2.695303
