884
850
763
791
788
793
786
789
803
767
847
819
831
833
808
813
783
769
857
773
759
754
697
742
825
763
752
759
788
781
822
839
807
798
804
791
806
777
827
832
849
837
883
833
819
838
831
810
789
800
800
752
749
798
785
811
795
790
823
731
785
824
799
839
814
821
797
807
799
853
801
854
813
801
810
830
799
856
848
829
858
827
824
758
767
739
787
795
746
725
707
738
756
801
789
777
807
733
782
760
792
833
859
818
846
782
829
742
804
816
846
862
819
759
758
788
690
746
826
798
806
835
839
826
759
795
793
815
788
738
748
758
747
782
803
798
789
811
804
837
763
843
801
799
745
786
786
755
769
785
780
792
790
812
826
762
850
807
820
818
793
811
796
827
829
836
814
764
832
795
759
844
803
760
871
804
830
811
822
810
830
803
858
822
782
815
824
808
772
750
803
815
788
775
714
749
775
802
788
793
815
876
815
846
886
809
828
849
839
810
841
867
883
827
828
815
816
797
878
840
810
744
761
731
776
742
778
735
791
816
768
800
877
869
857
804
835
816
785
777
762
739
791
835
818
819
817
832
843
852
851
744
827
792
741
788
781
721
767
790
776
788
766
779
812
848
861
834
806
806
796
764
774
798
792
833
776
776
785
777
840
790
836
748
794
769
734
801
751
840
831
775
807
822
818
804
791
831
816
766
818
845
804
773
755
866
839
800
822
773
722
801
794
712
754
698
730
727
751
790
788
878
868
818
793
816
814
755
770
781
782
814
803
842
809
815
793
820
836
818
834
798
859
850
812
747
780
780
826
825
717
740
683
761
781
795
829
805
807
742
773
810
812
770
770
832
798
852
787
858
811
805
828
759
767
815
744
814
782
781
819
899
832
788
783
782
830
806
893
828
744
794
841
824
764
835
810
826
770
765
791
794
772
760
776
748
801
835
798
832
808
907
883
889
856
785
731
735
726
726
731
743
795
782
790
764
831
826
863
832
886
838
782
770
806
746
718
804
727
736
753
730
778
854
821
769
739
704
720
685
666
694
740
724
654
627
612
611
622
680
667
605
540
570
574
557
500
516
532
578
517
520
514
494
514
509
454
485
490
450
441
425
440
384
408
446
413
414
410
379
380
398
344
335
389
395
364
315
372
299
362
351
353
344
337
315
337
388
326
356
340
362
367
335
316
369
384
361
393
367
383
398
356
374
332
310
323
358
324
311
328
364
315
279
300
314
362
326
343
300
323
308
292
317
267
224
246
246
247
239
262
233
249
241
247
232
242
203
225
205
211
210
224
190
170
207
193
209
207
215
213
192
183
213
232
208
228
219
219
224
209
239
239
250
218
178
155
111
104
90
81
88
95
90
112
97
113
104
93
78
94
127
91
117
84
119
105
93
101
97
89
103
91
125
100
129
103
97
124
109
95
106
83
126
129
104
90
85
90
104
93
86
113
109
98
94
93
96
122
117
100
87
102
97
86
90
111
123
119
84
109
97
94
97
113
105
103
94
93
108
96
90
116
77
114
94
104
108
69
105
104
112
117
100
104
113
117
114
103
106
89
98
98
92
96
110
106
129
113
110
101
105
107
104
92
101
94
95
105
96
107
83
84
91
110
100
109
102
106
105
110
103
92
111
96
97
87
91
116
99
83
91
82
79
95
96
87
88
120
122
101
103
92
104
118
119
110
97
91
79
91
88
89
100
104
97
120
84
92
88
104
105
102
121
100
105
102
95
89
83
85
94
102
129
119
112
93
128
117
89
77
89
93
93
88
88
105
85
104
116
96
82
106
88
104
108
99
99
114
106
113
96
112
83
107
90
96
95
93
87
102
79
98
114
101
100
108
84
96
100
102
122
112
103
87
114
122
122
112
110
92
69
105
91
104
86
117
111
114
78
90
85
116
103
93
105
90
87
137
99
81
74
78
96
106
94
102
81
106
113
108
101
108
94
102
107
101
114
89
106
87
108
97
87
82
72
89
98
94
83
82
94
118
108
118
114
104
116
108
98
119
119
94
90
90
101
101
91
77
102
94
110
86
118
114
103
115
90
86
106
98
103
98
96
76
92
97
106
127
122
97
94
88
88
95
96
107
121
94
95
81
98
104
80
96
76
103
91
97
106
114
87
119
71
92
109
134
103
98
97
104
109
87
84
94
83
98
85
100
113
116
80
97
81
103
112
101
146
117
143
124
112
106
98
100
97
89
94
94
98
91
112
98
97
106
110
100
108
92
84
79
86
75
91
102
124
108
97
98
95
119
133
100
103
93
94
81
91
109
107
