911
829
796
834
756
816
798
780
792
815
842
801
831
815
775
792
775
753
839
728
741
724
732
704
771
724
710
724
778
744
749
847
836
774
798
825
829
789
809
855
833
882
853
886
816
851
862
785
833
792
796
770
766
813
778
792
827
767
810
744
767
805
792
815
834
821
839
821
817
868
862
916
832
850
846
888
829
849
892
885
850
845
774
786
710
749
776
769
712
663
730
707
726
782
775
775
773
752
751
762
822
837
874
829
911
840
825
809
848
897
823
899
783
802
766
736
757
805
790
801
809
829
828
784
744
785
791
802
777
704
793
747
768
768
780
753
811
771
823
779
804
862
765
752
782
790
744
740
721
780
765
802
752
762
814
768
817
825
766
805
817
790
791
834
835
794
802
790
843
800
799
826
797
779
852
855
826
839
833
818
848
880
839
864
768
851
828
792
774
743
773
778
792
729
733
754
761
773
791
817
854
892
810
911
837
814
860
896
848
842
883
892
831
859
839
758
866
821
805
865
785
763
734
722
740
731
770
771
769
774
783
837
857
820
861
813
787
825
799
734
738
714
822
825
817
771
808
825
877
769
812
800
816
786
747
777
745
712
748
820
754
794
746
778
843
822
871
815
825
820
794
774
818
836
796
829
826
811
765
860
846
847
791
781
804
793
744
738
869
848
821
780
817
812
814
804
848
850
799
783
817
812
794
748
786
845
802
763
768
697
717
758
693
712
687
655
682
693
680
705
789
760
780
795
729
749
765
721
712
708
691
727
746
742
746
693
754
723
731
690
719
772
717
696
678
755
717
666
665
673
634
652
652
682
626
573
567
562
559
590
638
615
647
648
619
613
573
611
598
600
621
583
618
632
592
643
654
541
618
664
626
631
615
580
547
585
540
586
596
551
569
584
532
590
542
652
604
593
534
534
522
539
512
535
562
548
567
562
506
475
507
498
535
516
501
475
486
493
517
491
448
462
462
433
430
464
451
469
475
428
437
409
427
402
395
445
440
428
463
451
429
412
382
468
503
465
462
493
499
467
478
476
421
370
401
338
362
331
344
356
377
311
333
345
354
347
348
373
384
355
391
382
417
365
381
410
339
375
411
409
376
418
385
384
423
391
386
360
368
319
344
347
339
319
358
325
351
308
339
308
329
356
320
315
349
323
335
333
331
332
333
344
400
407
405
432
416
402
370
379
363
336
324
343
317
374
335
288
316
344
403
387
376
418
423
351
356
332
325
340
317
320
321
326
384
350
404
367
348
348
310
317
326
315
323
306
294
300
304
308
341
350
371
335
370
348
337
352
318
365
351
357
330
326
351
328
338
339
304
316
303
312
313
264
308
355
320
337
308
326
310
317
297
331
314
291
352
340
343
293
300
349
326
327
339
307
330
310
331
361
352
338
324
340
347
365
313
353
367
370
394
389
380
418
377
403
344
347
341
370
334
318
341
328
335
293
294
309
346
329
326
306
314
280
304
309
269
258
251
242
274
277
279
257
269
282
270
260
266
258
231
232
228
221
220
176
200
195
214
203
202
217
198
171
197
231
192
226
207
234
203
214
238
248
260
207
214
184
176
197
179
215
217
209
207
230
197
221
210
226
248
232
247
221
241
236
215
222
214
222
205
255
208
213
190
217
223
223
221
210
216
204
201
236
225
209
206
257
220
262
231
230
220
230
245
222
228
216
222
206
200
200
206
208
207
224
181
199
220
203
180
176
179
209
222
197
208
257
209
197
203
241
218
201
215
216
229
233
189
209
244
214
212
183
167
171
163
160
172
130
123
97
88
100
119
84
96
101
106
111
99
95
84
99
88
84
98
89
89
100
85
77
101
100
102
102
101
105
89
107
115
128
112
118
107
124
130
125
109
113
88
110
89
106
117
127
99
97
80
102
105
105
95
102
102
95
102
109
84
74
63
89
98
91
81
94
103
98
112
99
107
99
90
106
104
100
96
95
95
92
94
89
91
76
71
82
100
86
86
73
98
100
110
123
113
114
128
117
104
134
108
97
99
94
109
101
86
92
119
104
116
116
104
109
116
101
84
88
88
109
99
93
93
88
103
94
116
110
105
96
91
82
97
85
105
102
110
93
69
88
98
104
69
106
83
93
107
82
120
109
114
104
82
108
121
120
91
114
80
106
97
86
81
77
92
73
91
89
119
106
92
83
88
102
121
125
146
131
140
140
130
101
107
94
93
83
111
82
88
112
102
89
110
97
107
90
107
58
84
92
80
84
83
102
117
106
93
104
101
113
128
103
97
94
82
104
78
114
109
98
