904
889
785
803
794
809
852
784
817
825
868
797
848
820
805
798
768
800
811
773
683
729
733
766
785
725
764
731
781
813
806
841
795
785
839
753
843
825
859
794
876
860
890
811
845
830
849
770
799
825
763
788
776
781
755
751
839
757
797
732
785
787
796
821
795
808
843
791
805
858
865
850
829
827
796
814
842
881
839
834
857
830
801
747
751
710
754
779
737
693
701
723
744
754
765
771
800
721
754
800
780
861
832
857
887
803
818
772
813
836
875
865
776
791
758
753
723
784
778
785
799
819
809
835
782
742
792
805
753
759
734
753
773
766
772
816
774
792
810
791
766
905
810
769
780
749
786
742
774
751
812
762
784
796
814
802
828
817
829
824
808
776
777
818
852
767
827
823
792
813
777
796
806
802
871
819
818
839
832
843
845
822
877
850
801
810
869
792
748
764
795
770
792
738
721
741
732
801
798
828
815
867
808
890
861
841
828
909
829
835
899
869
898
789
841
816
824
805
873
831
820
768
732
734
746
756
756
781
787
780
797
818
898
823
828
819
809
833
787
773
718
727
800
837
828
810
837
820
843
833
774
803
816
821
740
784
751
742
747
799
766
828
776
776
839
848
828
831
860
773
828
788
780
825
790
827
830
814
785
822
835
821
782
785
762
785
753
739
824
837
812
763
827
797
842
802
840
830
818
806
812
843
771
777
812
851
829
794
819
727
744
779
714
742
692
686
738
700
767
755
824
847
890
785
799
802
807
730
771
795
768
791
831
832
810
834
788
802
846
841
831
815
858
824
796
746
785
792
821
768
731
746
663
753
757
795
786
801
788
724
786
801
793
773
806
792
792
826
762
888
836
815
831
739
724
798
801
777
754
766
822
858
789
799
739
740
727
795
759
838
735
713
738
724
759
706
688
740
699
693
673
638
677
663
703
641
615
624
623
627
642
708
609
620
656
703
702
685
687
666
634
571
542
513
554
546
505
519
519
504
561
526
561
566
544
575
521
540
608
548
540
565
572
594
478
529
491
512
468
500
455
469
459
459
459
439
477
440
456
457
410
437
508
517
520
511
479
440
460
461
410
390
403
427
374
390
424
447
430
431
458
426
387
399
371
356
377
343
352
394
406
441
388
347
364
330
324
330
340
335
321
308
307
338
327
348
354
365
365
333
367
352
310
366
337
349
331
361
329
336
366
324
324
315
328
311
330
269
313
340
360
300
342
314
327
313
324
327
286
306
347
361
320
289
313
322
323
325
339
294
328
317
326
337
356
346
314
332
336
339
322
324
375
363
383
380
372
368
400
359
414
337
319
348
349
317
318
349
326
322
293
303
341
336
334
313
302
308
287
298
304
270
229
230
257
237
277
283
252
232
268
273
243
261
223
222
219
232
235
215
186
195
210
195
209
201
206
211
169
220
207
208
227
221
207
216
218
243
242
263
204
226
178
189
191
175
221
211
231
197
223
223
215
225
219
240
218
252
219
241
240
219
200
205
226
224
206
222
230
180
197
248
213
192
239
190
213
217
188
224
205
204
228
196
181
169
115
108
111
95
116
85
96
109
115
109
128
112
121
108
102
101
88
104
93
104
96
84
102
89
78
88
90
105
110
98
100
99
105
102
103
92
107
103
94
78
91
109
105
78
98
77
71
91
105
76
96
103
127
109
108
86
111
116
126
102
94
91
100
80
105
94
80
103
99
106
102
80
100
103
106
129
120
115
107
103
82
95
94
95
109
125
128
107
94
107
124
94
78
73
95
81
94
82
94
101
77
89
96
91
88
95
81
97
103
104
90
112
110
91
112
98
93
90
93
90
95
91
87
95
87
81
114
89
103
101
102
92
100
91
120
130
111
99
106
114
121
118
124
107
93
95
99
95
101
118
118
116
91
89
88
111
108
83
109
101
99
111
98
88
68
69
100
97
83
95
86
82
122
103
104
112
90
94
106
109
103
99
96
98
84
88
96
85
72
75
92
94
85
84
87
105
113
115
108
113
119
116
115
115
107
96
98
98
99
92
106
79
84
110
104
111
113
110
107
114
105
89
86
106
103
100
75
98
99
104
91
134
128
104
81
97
81
85
97
112
115
111
78
71
90
106
90
91
78
92
82
94
98
108
106
99
106
89
90
106
129
120
90
81
117
89
91
82
92
75
88
96
95
105
106
88
91
84
95
119
120
146
133
143
123
119
113
103
106
93
87
100
84
93
109
112
88
104
101
109
94
102
87
89
94
66
93
79
104
124
101
101
101
115
114
134
107
94
86
91
89
112
106
92
