703
722
652
697
704
677
729
713
649
710
662
671
671
689
652
739
644
727
683
712
671
673
664
681
685
685
672
705
710
745
706
689
684
694
690
725
735
745
672
743
723
704
710
701
718
696
712
676
724
707
726
735
697
692
712
708
696
713
672
737
677
645
743
722
677
714
716
703
661
699
712
678
753
697
739
678
711
702
694
681
736
706
634
677
676
691
672
725
682
688
714
720
658
659
646
663
652
668
635
661
698
667
674
616
654
676
681
658
698
641
644
648
662
643
590
651
638
627
646
630
659
647
670
625
641
623
644
644
632
691
617
663
655
648
655
688
649
668
659
672
660
627
659
599
668
633
629
612
706
651
671
679
667
684
687
632
664
693
677
650
654
670
608
628
657
697
622
616
661
679
691
680
715
621
707
644
617
668
609
632
642
627
596
624
630
648
594
649
624
622
620
634
616
609
654
607
674
618
602
659
670
612
615
577
658
628
667
622
580
598
619
601
655
605
626
635
588
606
603
622
609
653
589
631
578
582
590
596
612
559
599
589
587
651
604
552
597
575
603
570
565
591
597
596
614
538
597
605
614
618
627
578
655
596
574
609
552
587
568
580
639
598
585
572
589
570
566
586
598
605
611
584
582
630
614
556
598
587
614
600
616
595
561
590
595
589
582
584
526
595
535
555
532
537
578
559
553
616
578
523
517
575
529
592
571
539
559
543
540
531
555
522
551
626
521
536
519
532
570
490
543
520
579
503
509
531
502
555
538
550
499
552
539
522
516
538
512
493
544
507
503
490
547
504
478
534
513
491
472
489
474
513
495
521
493
515
467
505
497
478
462
492
482
472
502
491
488
481
490
463
491
505
456
485
478
496
488
485
470
504
480
446
488
529
472
473
468
467
477
430
480
463
487
470
450
473
493
483
508
445
521
461
434
471
535
520
459
501
456
452
451
447
477
462
485
448
455
457
448
454
471
447
442
443
495
489
472
435
477
434
473
432
471
473
462
467
463
478
471
444
453
458
501
432
476
424
424
434
462
441
447
476
414
475
447
435
427
418
415
407
414
415
436
406
470
444
430
378
425
418
483
436
416
415
399
412
402
393
404
415
448
393
405
466
373
450
406
387
410
396
400
416
365
436
432
410
433
384
410
424
410
429
419
390
384
434
404
368
424
376
402
382
417
399
418
400
445
397
410
389
374
343
433
436
398
384
404
387
426
408
399
389
373
387
348
376
391
387
407
395
389
377
402
396
359
410
398
384
355
394
362
352
367
383
383
371
356
377
359
388
387
349
410
373
398
365
383
394
410
381
379
376
384
401
406
354
385
372
363
380
385
384
376
411
358
354
375
370
366
376
364
371
377
384
363
362
341
374
374
358
333
350
323
338
344
362
341
343
349
349
363
375
337
380
359
347
345
325
334
313
354
309
348
359
364
355
365
364
356
356
357
348
344
340
328
344
363
344
330
349
352
335
342
365
335
351
352
323
361
365
322
347
352
357
329
308
354
333
329
359
302
345
370
320
369
352
309
365
316
347
332
354
351
380
363
345
301
335
355
329
313
343
340
328
381
283
363
343
297
337
339
323
316
344
342
321
321
346
300
327
333
350
341
318
344
314
318
340
298
341
314
321
345
338
349
310
288
329
342
342
319
300
307
340
332
327
284
327
313
316
307
302
322
298
311
323
291
272
308
336
288
314
298
331
309
309
310
317
298
338
309
321
318
315
305
291
323
311
333
323
332
324
336
299
300
288
303
288
312
289
316
313
318
299
313
352
298
302
296
269
296
331
301
313
276
286
296
291
293
272
273
277
305
284
268
333
306
287
300
274
333
315
302
310
290
281
273
308
271
320
305
271
297
289
288
294
292
287
263
273
271
314
306
301
300
289
295
303
317
274
276
309
295
292
293
281
339
307
286
304
314
318
333
305
268
319
306
289
323
315
306
320
305
308
281
296
304
320
297
268
300
285
330
292
280
284
291
315
291
301
315
297
307
283
269
292
281
294
272
275
292
292
279
286
294
289
324
296
299
288
281
299
278
315
317
286
285
292
296
284
269
262
297
301
289
250
284
274
279
275
277
253
293
278
264
295
265
317
270
240
311
269
308
270
297
298
284
292
284
269
329
285
256
276
256
313
283
236
258
293
309
300
296
272
286
256
295
294
278
257
284
294
241
299
297
302
280
265
288
251
291
284
261
293
296
261
261
274
269
269
277
303
267
282
277
271
274
277
262
263
285
293
263
267
288
290
316
281
277
283
273
280
307
249
262
255
283
274
260
270
