585
601
567
583
535
559
575
538
529
610
548
584
560
520
532
570
633
604
610
649
640
571
612
626
623
560
577
656
666
615
625
550
642
605
564
524
533
572
525
585
582
599
613
672
650
676
660
641
630
641
650
604
565
582
602
549
543
582
581
558
588
586
626
608
634
596
604
665
611
569
654
607
626
584
604
591
585
611
595
596
649
575
606
640
645
592
648
566
624
642
651
655
556
573
584
528
636
595
589
575
284
103
100
100
100
100
100
100
100
100
100
100
100
100
100
100
100
100
100
100
100
100
100
100
100
100
174
464
592
532
480
503
438
435
410
403
413
395
378
387
355
342
322
305
283
310
288
306
300
261
268
253
256
249
258
232
211
214
215
169
168
179
175
164
174
174
121
112
128
127
135
138
102
104
101
102
101
74
69
48
55
52
57
51
48
60
54
59
47
54
27
41
56
28
33
21
35
44
23
40
37
29
29
31
24
28
29
22
24
19
10
27
28
13
19
19
23
12
20
13
12
9
28
31
21
18
27
30
26
18
27
36
32
20
22
29
12
23
15
18
28
21
19
18
25
16
29
24
18
18
26
22
17
20
22
22
19
26
24
22
18
27
16
25
31
18
14
23
20
32
25
18
13
25
19
24
18
9
16
9
12
6
12
15
12
10
13
24
18
11
21
24
27
20
21
24
16
19
21
21
23
23
16
25
12
17
25
16
19
11
12
23
11
18
9
15
13
18
13
18
19
19
21
22
24
15
18
36
21
21
23
24
42
22
24
27
16
19
19
31
13
22
22
18
20
18
13
18
19
32
21
22
31
22
15
23
23
27
25
27
27
18
14
14
17
15
14
19
25
26
22
37
25
31
31
21
24
32
28
26
21
33
28
28
27
32
29
38
48
33
44
40
35
52
54
47
56
30
40
53
60
59
50
55
67
59
53
49
61
62
69
83
90
82
88
104
92
124
128
113
113
135
132
133
133
128
141
121
134
178
182
185
196
205
251
237
228
255
260
267
282
265
255
274
265
258
285
272
295
328
341
373
385
426
449
450
502
485
461
415
541
530
575
469
218
100
100
100
100
100
100
100
100
100
100
100
100
100
100
100
100
100
100
100
100
100
100
100
100
100
100
100
100
100
100
100
100
100
100
100
0
0
0
0
0
0
0
0
0
0
0
0
0
0
0
0
0
0
0
0
0
0
0
0
0
0
0
0
0
0
0
0
0
0
0
0
0
0
0
0
0
0
0
0
0
0
0
0
0
0
0
0
0
0
0
0
0
0
0
0
0
0
0
0
0
0
0
0
0
0
0
0
0
0
0
0
0
0
0
0
0
0
0
0
0
0
0
0
0
0
0
0
0
0
0
0
0
0
0
0
0
0
0
0
0
0
0
0
0
0
0
0
0
0
0
0
0
0
0
0
0
0
0
0
0
0
0
0
0
0
0
0
0
0
0
0
0
0
0
0
0
0
0
0
0
0
0
0
0
0
0
0
0
0
0
0
0
0
0
0
0
0
0
0
0
0
0
0
0
0
0
0
0
0
0
0
0
0
0
0
0
0
0
0
0
0
0
0
0
0
0
0
0
0
0
0
0
0
0
0
0
0
0
0
0
0
0
0
0
0
0
0
0
0
0
0
0
0
0
0
0
0
0
0
0
0
0
0
0
0
0
0
0
0
0
0
0
0
0
0
0
0
0
0
0
0
0
0
0
0
0
0
0
0
0
0
0
0
0
0
0
0
0
0
0
0
0
0
0
0
0
0
0
0
0
0
0
0
0
0
0
0
0
0
0
0
0
0
0
0
0
0
0
0
0
0
0
0
0
0
0
0
0
0
0
0
0
0
0
0
0
0
0
0
0
0
0
0
0
0
0
0
0
0
0
0
0
0
0
0
0
0
0
0
0
0
0
0
0
0
0
0
0
0
0
0
0
0
0
0
0
0
0
0
0
0
0
0
0
0
0
0
0
0
0
0
0
0
0
0
0
0
0
0
0
0
0
0
0
0
0
0
0
0
0
0
0
0
0
0
0
0
0
0
0
0
0
0
0
0
0
0
0
0
0
0
0
0
0
0
0
0
0
0
0
0
0
0
0
0
0
0
0
0
0
0
0
0
0
0
0
0
0
0
0
0
0
0
0
0
0
0
0
0
0
0
0
0
0
0
0
0
0
0
0
0
0
0
0
0
0
0
0
0
0
0
0
0
0
0
0
0
0
0
0
0
0
0
0
0
0
0
0
0
0
0
0
0
0
0
0
0
0
0
0
0
0
0
0
0
