2650
2559
2619
2685
2623
2531
2497
2512
2566
2592
2623
2735
3029
3601
3671
3620
3513
3249
2908
2552
2164
2149
2072
2041
2135
1989
2051
2135
2279
2561
2815
3031
3107
2944
2859
2995
2871
2739
2447
2210
2093
2186
2149
1979
1807
1757
1701
1562
1610
1561
1449
1415
1370
1206
1183
1113
1170
1287
1239
1220
1145
1130
1193
1186
1183
1272
1209
1267
1316
1224
1089
1146
1195
1165
1146
1127
1173
1060
1090
1076
1078
1126
1100
1170
1109
1132
1028
1044
1067
1031
1032
1128
1198
1138
1127
1122
938
936
1034
1086
1046
1096
1001
1102
1061
1003
929
932
917
888
1008
961
894
887
941
941
994
960
987
923
924
964
888
895
854
816
845
902
865
799
851
777
689
847
856
840
782
760
779
773
714
748
674
607
639
657
618
618
622
609
584
519
557
541
524
539
526
524
552
491
523
526
508
532
467
449
391
408
417
382
434
391
407
417
403
349
390
344
361
311
331
313
298
316
321
303
286
295
272
284
254
240
232
212
232
231
215
241
219
245
258
247
259
217
226
254
275
264
323
277
282
309
318
338
386
295
318
331
311
312
269
247
277
247
276
202
160
191
184
176
192
189
186
186
175
174
176
193
179
177
211
198
195
205
221
202
185
224
221
207
236
215
253
233
218
226
220
233
227
210
162
200
193
203
210
207
207
192
186
193
189
203
170
190
181
193
181
191
175
147
185
178
182
194
180
177
166
197
197
168
215
182
183
199
207
211
234
177
185
179
200
192
197
191
167
189
210
202
153
205
202
182
180
175
188
184
191
180
171
170
191
210
177
174
204
182
175
178
204
180
172
176
162
167
202
143
193
182
185
186
192
185
196
163
179
184
169
184
171
149
168
155
177
178
153
170
151
179
152
136
164
178
162
134
145
151
189
147
151
174
185
173
160
157
153
142
174
150
134
148
127
102
145
155
149
123
121
141
136
121
115
141
124
121
146
121
113
142
180
153
151
145
142
134
152
152
153
143
159
176
179
151
154
168
156
149
151
139
145
183
161
145
132
164
136
143
126
122
131
160
135
127
162
135
153
138
131
127
142
147
171
141
159
128
150
155
125
120
147
159
122
143
164
140
132
185
172
154
149
138
137
156
117
143
140
165
173
171
147
166
163
148
142
146
123
135
158
163
164
171
173
175
167
189
196
141
143
167
141
161
183
150
135
166
157
148
162
142
137
150
141
136
139
161
125
140
165
139
114
143
149
166
133
156
150
145
145
162
128
142
144
147
143
150
148
145
152
186
139
148
136
146
140
184
140
160
154
160
158
154
187
168
168
152
173
172
170
208
161
177
170
146
147
139
154
138
151
156
132
156
141
139
160
163
138
148
120
152
164
140
149
146
148
156
168
170
170
184
157
160
156
178
194
166
137
176
179
147
149
135
136
153
147
151
139
166
161
144
159
173
170
177
139
163
176
170
156
158
160
159
148
152
162
176
153
172
188
183
167
172
160
179
167
154
175
165
172
152
154
184
193
153
155
147
160
156
179
159
177
186
173
178
198
206
190
203
186
190
205
167
184
185
177
183
177
177
188
190
173
206
188
173
245
200
208
231
218
212
236
245
220
241
242
223
219
231
262
240
290
314
297
311
292
338
334
324
335
316
353
354
316
278
300
288
281
276
279
253
317
303
319
280
302
302
330
324
302
337
361
383
362
355
402
395
363
414
428
384
432
453
433
440
479
445
506
485
443
457
411
461
453
459
419
441
443
463
461
504
430
463
492
501
493
475
574
592
578
603
599
558
571
529
560
536
551
517
640
567
640
616
579
548
544
567
578
592
618
562
569
559
530
548
530
540
537
560
572
558
562
556
571
580
543
594
543
563
544
544
523
558
579
555
554
541
538
531
604
528
568
580
569
572
590
581
575
622
585
612
634
616
614
652
621
582
556
591
539
581
551
520
567
556
533
534
543
490
527
503
541
553
542
495
483
471
403
484
450
465
438
476
423
452
489
453
408
398
458
433
427
426
456
439
431
462
407
427
425
399
377
399
425
370
382
400
409
407
415
404
398
390
405
384
365
352
368
361
350
360
327
360
308
393
357
365
359
379
396
350
376
353
395
362
338
365
340
346
371
385
398
384
333
405
365
397
406
424
385
383
370
367
351
378
394
410
331
387
334
359
375
435
395
424
366
410
417
407
389
401
381
407
364
379
358
358
322
240
136
94
108
95
105
81
84
80
86
88
87
85
109
105
96
80
102
105
108
144
123
132
147
133
129
98
108
100
89
86
104
97
92
116
95
90
111
99
94
86
107
72
97
79
68
76
94
104
105
111
96
96
92
129
127
104
93
90
93
81
99
107
116
91
